$ 1 0.000005 10.20027730826997 31 5 43
154 -208 112 -128 112 0 2 5 5
154 0 96 64 96 0 2 5 5
150 -192 208 -144 208 0 2 0 5
150 -32 176 16 176 0 2 0 5
w -128 112 -128 80 0
w -128 80 -96 80 0
w 64 96 144 96 0
x 67 81 152 84 4 18 累加值(s0)
w -288 96 -256 96 0
w -192 192 -240 192 0
152 16 304 80 304 0 2 0 5
w -144 208 -112 208 0
w -112 208 -112 320 0
w -112 320 16 320 0
w -288 288 -80 288 0
w -80 288 -80 112 0
w -80 112 -48 112 0
w -48 160 -32 160 0
w -96 112 -96 192 0
w -96 192 -32 192 0
w 16 176 48 176 0
w 48 176 48 240 0
w 48 240 -32 240 0
w -32 240 -32 288 0
w -32 288 16 288 0
x -164 178 -101 181 4 12 是否进位(X)
x 24 154 87 157 4 12 是否进位(X)
w 80 304 144 304 0
x 76 287 144 290 4 12 进位信号(Y1)
w -256 224 -192 224 0
L -288 96 -336 96 2 0 false 5 0
M 144 96 176 96 2 2.5
w -288 96 -288 224 0
w -288 224 -256 224 0
L -288 288 -336 288 2 0 false 5 0
w -96 112 -96 96 0
w -256 96 -208 96 0
L -288 128 -336 128 2 1 false 5 0
w -288 128 -256 128 0
w -256 128 -208 128 0
w -240 192 -256 192 0
w -256 192 -256 128 0
w -96 80 0 80 0
w -96 96 -96 80 0
w -48 112 0 112 0
w -48 160 -48 112 0
w -48 576 -48 528 0
w -48 528 0 528 0
w -96 512 -96 496 0
w -96 496 0 496 0
w -256 608 -256 544 0
w -240 608 -256 608 0
w -256 544 -208 544 0
w -288 544 -256 544 0
L -288 544 -352 544 2 1 false 5 0
w -256 512 -208 512 0
w -96 528 -96 512 0
w -288 640 -256 640 0
w -288 512 -288 640 0
M 144 512 176 512 2 2.5
L -288 512 -352 512 2 1 false 5 0
w -256 640 -192 640 0
x 76 703 147 706 4 12 进位信号(Y2)
w 80 720 304 720 0
x 24 570 87 573 4 12 是否进位(X)
x -164 594 -101 597 4 12 是否进位(X)
w -32 704 16 704 0
w -32 656 -32 704 0
w 48 656 -32 656 0
w 48 592 48 656 0
w 16 592 48 592 0
w -96 608 -32 608 0
w -96 528 -96 608 0
w -48 576 -32 576 0
w -80 528 -48 528 0
w -80 704 -80 528 0
w -288 704 -80 704 0
w -112 736 16 736 0
w -112 624 -112 736 0
w -144 624 -112 624 0
152 16 720 80 720 0 2 5 5
w -192 608 -240 608 0
w -288 512 -256 512 0
x 67 497 149 500 4 18 累加值(s1)
w 64 512 144 512 0
w -128 496 -96 496 0
w -128 528 -128 496 0
150 -32 592 16 592 0 2 0 5
150 -192 624 -144 624 0 2 5 5
154 0 512 64 512 0 2 0 5
154 -208 528 -128 528 0 2 0 5
w 144 304 144 400 0
w 144 400 -320 400 0
w -320 400 -320 704 0
w -320 704 -288 704 0
w 512 688 544 688 0
w 512 384 512 688 0
w 976 384 512 384 0
w 976 288 976 384 0
154 624 512 704 512 0 2 5 5
154 832 496 896 496 0 2 0 5
150 640 608 688 608 0 2 0 5
150 800 576 848 576 0 2 5 5
w 704 512 704 480 0
w 704 480 736 480 0
w 896 496 976 496 0
x 899 481 984 484 4 18 累加值(s4)
w 544 496 576 496 0
w 640 592 592 592 0
152 848 704 912 704 0 2 5 5
w 688 608 720 608 0
w 720 608 720 720 0
w 720 720 848 720 0
w 544 688 752 688 0
w 752 688 752 512 0
w 752 512 784 512 0
w 784 560 800 560 0
w 736 512 736 592 0
w 736 592 800 592 0
w 848 576 880 576 0
w 880 576 880 640 0
w 880 640 800 640 0
w 800 640 800 688 0
w 800 688 848 688 0
x 668 578 731 581 4 12 是否进位(X)
x 856 554 919 557 4 12 是否进位(X)
w 912 704 976 704 0
x 908 687 979 690 4 12 进位信号(Y4)
w 576 624 640 624 0
L 544 496 480 496 2 1 false 5 0
M 976 496 1008 496 2 2.5
M 976 704 1008 704 2 2.5
w 544 496 544 624 0
w 544 624 576 624 0
w 736 512 736 496 0
w 576 496 624 496 0
L 544 528 480 528 2 0 false 5 0
w 544 528 576 528 0
w 576 528 624 528 0
w 592 592 576 592 0
w 576 592 576 528 0
w 736 480 832 480 0
w 736 496 736 480 0
w 784 512 832 512 0
w 784 560 784 512 0
w 784 144 784 96 0
w 784 96 832 96 0
w 736 80 736 64 0
w 736 64 832 64 0
w 576 176 576 112 0
w 592 176 576 176 0
w 576 112 624 112 0
w 544 112 576 112 0
L 544 112 496 112 2 1 false 5 0
w 576 80 624 80 0
w 736 96 736 80 0
w 544 208 576 208 0
w 544 80 544 208 0
M 976 80 1008 80 2 2.5
L 544 80 496 80 2 0 false 5 0
w 576 208 640 208 0
x 908 271 979 274 4 12 进位信号(Y3)
w 912 288 976 288 0
x 856 138 919 141 4 12 是否进位(X)
x 668 162 731 165 4 12 是否进位(X)
w 800 272 848 272 0
w 800 224 800 272 0
w 880 224 800 224 0
w 880 160 880 224 0
w 848 160 880 160 0
w 736 176 800 176 0
w 736 96 736 176 0
w 784 144 800 144 0
w 752 96 784 96 0
w 752 272 752 96 0
w 544 272 752 272 0
w 720 304 848 304 0
w 720 192 720 304 0
w 688 192 720 192 0
152 848 288 912 288 0 2 5 5
w 640 176 592 176 0
w 544 80 576 80 0
x 899 65 984 68 4 18 累加值(s3)
w 896 80 976 80 0
w 704 64 736 64 0
w 704 96 704 64 0
150 800 160 848 160 0 2 5 5
150 640 192 688 192 0 2 0 5
154 832 80 896 80 0 2 0 5
154 624 96 704 96 0 2 5 5
w 304 720 304 480 0
w 304 480 304 272 0
w 304 272 544 272 0
x -318 271 -266 274 4 13 是否进位
x -416 102 -357 105 4 18 参数(i1)
x -422 134 -359 137 4 18 参数(i2)
x -431 514 -368 517 4 18 参数(i3)
x -433 552 -370 555 4 18 参数(i4)
x 415 84 478 87 4 18 参数(i5)
x 413 120 476 123 4 18 参数(i6)
x 393 496 455 499 4 18 参数(i7)
x 393 546 456 549 4 18 参数(i8)
