$ 1 0.000005 10.20027730826997 50 5 43
150 192 192 256 192 0 2 5 5
154 192 272 256 272 0 2 0 5
w 128 176 192 176 0
w 128 208 192 208 0
w 128 256 192 256 0
w 128 288 192 288 0
w 64 176 128 176 0
w 64 176 64 256 0
w 64 256 128 256 0
w 256 192 336 192 0
w 256 272 336 272 0
L 0 288 -16 288 2 1 false 5 0
w 64 288 0 288 0
L 64 176 -16 176 2 1 false 5 0
w 128 208 96 208 0
w 96 208 96 272 0
x -21 157 38 160 4 18 参数(A)
x -21 324 39 327 4 18 参数(B)
x 261 170 356 173 4 18 是否进位(X)
x 258 250 335 253 4 18 累加值(Y)
w 64 288 96 288 0
w 96 288 128 288 0
w 96 272 96 288 0
w 240 544 240 560 0
w 240 560 272 560 0
w 208 560 240 560 0
x 402 522 479 525 4 18 累加值(Y)
x 405 442 500 445 4 18 是否进位(X)
x 123 596 183 599 4 18 参数(B)
x 142 428 201 431 4 18 参数(A)
w 240 480 240 544 0
w 272 480 240 480 0
M 480 544 496 544 2 2.5
w 208 560 144 560 0
L 144 560 -16 560 2 1 false 5 0
w 400 544 480 544 0
w 400 464 480 464 0
w 208 528 272 528 0
w 208 448 208 528 0
w 208 448 272 448 0
w 272 560 336 560 0
w 272 528 336 528 0
w 272 480 336 480 0
w 272 448 336 448 0
154 336 544 400 544 0 2 5 5
150 336 464 400 464 0 2 0 5
w 336 272 336 352 0
w 336 352 128 352 0
w 128 352 128 448 0
w 128 448 208 448 0
152 592 352 688 352 0 2 5 5
w 336 192 384 192 0
w 384 192 384 336 0
w 384 336 592 336 0
w 480 464 592 464 0
w 592 464 592 368 0
w 688 352 768 352 0
x 682 319 777 322 4 18 是否进位(X)
