$ 1 0.000005 10.20027730826997 50 5 43
150 192 192 256 192 0 2 0 5
154 192 272 256 272 0 2 5 5
w 128 176 192 176 0
w 128 208 192 208 0
w 128 256 192 256 0
w 128 288 192 288 0
w 64 176 128 176 0
w 64 176 64 256 0
w 64 256 128 256 0
w 256 192 336 192 0
w 256 272 336 272 0
L 0 288 -16 288 2 0 false 5 0
w 64 288 0 288 0
M 336 192 352 192 2 2.5
M 336 272 352 272 2 2.5
L 64 176 -16 176 2 1 false 5 0
w 128 208 96 208 0
w 96 208 96 272 0
x -21 157 38 160 4 18 参数(A)
x -21 324 39 327 4 18 参数(B)
x 261 170 356 173 4 18 是否进位(X)
x 258 250 335 253 4 18 累加值(Y)
w 64 288 96 288 0
w 96 288 128 288 0
w 96 272 96 288 0
